Attiki (Linea 1);1;151;479;37.999276;23.722094;
Attiki (Linea 2);2;151;479;37.999276;23.722094;
Omonia (Linea 1);1;182;549;37.984194;23.728700;
Omonia (Linea 2);2;182;549;37.984194;23.728700;
Monastiraki (Linea 1);1;182;580;37.976888;23.726169;
Monastiraki (Linea 3);3;182;580;37.976888;23.726169;
Syntagma (Linea 2);2;216;580;37.974656;23.735652;
Syntagma (Linea 3);3;216;580;37.974656;23.735652;
Kifissia;1;464;244;38.073654;23.808348;
KAT;1;436;272;38.065926;23.804048;
Maroussi;1;407;301;38.056192;23.805013;
Neratziotissa;1;374;332;38.045103;23.793184;
Irini;1;349;336;38.043619;23.782685;
Iraklio;1;286;342;38.046247;23.766073;
Nea Ionia;1;270;358;38.041352;23.754740;
Pefkakia;1;254;374;38.046196;23.766046;
Perissos;1;237;392;38.033059;23.744657;
Ano Patissia;1;220;409;38.023797;23.735974;
Aghios Eleftherios;1;203;426;38.020106;23.731855
Kato Patissia;1;184;445;38.011574;23.728806
Aghios Nikolaos;1;166;464;38.006927;23.727707
Victoria;1;182;524;37.993144;23.730116
Thissio;1;182;612;37.976717;23.720707
Petralona;1;174;634;37.968636;23.709239
Tavros;1;154;654;37.962608;23.703519
Kallithea;1;134;674;37.960427;23.697330
Moschato;1;115;693;37.955077;23.679692
Faliro;1;93;714;37.945027;23.665190
Piraeus;1;15;722;37.948205;23.643280
Aghios Antonios;2;95;423;38.006628;23.699485
Sepolia;2;123;451;38.002635;23.713552
Larissa Station;2;150;508;37.991983;23.721101
Metaxourghio;2;150;533;37.986261;23.721145
Panepistimio;2;199;564;37.980375;23.733052
Akropoli;2;218;616;37.968732;23.729615
Syngrou Fix;2;218;640;37.964280;23.726542
Neos Kosmos;2;218;667;37.957598;23.728485
Aghios Ioannis;2;218;693;37.956622;23.734702
Dafni;2;218;719;7.949190;23.737220;
Aghios Dimitrios;2;218;744;37.940485;23.740729;
Egaleo;3;42;504;37.991949;23.681831;
Eleonas;3;80;544;37.987896;23.694165;
Kerameikos;3;108;572;37.978591;23.711466;
Evangelismos;3;272;580;37.976034;23.746513;
Megaro Moussikis;3;320;570;37.979291;23.752922;
Ambelokipi;3;335;555;37.987325;23.757037;
Panormou;3;350;540;37.993154;23.763419;
Katehaki;3;365;525;37.993167;23.776160;
Ethniki Amyna;3;380;509;38.000047;23.785756;
Holargos;3;396;494;38.000047;23.785756;
Nomismatokopio;3;412;478;38.004523;23.794733;
Aghia Paraskevi;3;427;462;38.009267;23.805662;
Halandri;3;442;446;38.021507;23.821225;8.017192;23.812329;
Doukissis Plakentias;3;468;422;38.024480;23.834229;
Pallini;3;510;440;38.005743;23.8696273;
Paiania Kantza;3;510;480;37.984219;23.870015;
Koropi;3;510;573;37.913007;23.895821;
Airport;3;564;595;37.936682;23.944548;